4.950000000000000000e+04
1.690000000000000000e+06
2.070000000000000000e+07
3.410000000000000000e+06
1.550000000000000000e+07
9.130000000000000000e+04
7.060000000000000000e+06
2.360000000000000000e+04
2.540000000000000000e+04
3.230000000000000232e-02
6.599999999999999645e+00
1.110000000000000000e+04
2.200000000000000000e+07
1.330000000000000000e+07
1.810000000000000000e+05
5.430000000000000000e+05
4.929999999999999716e+00
3.510000000000000000e+06
2.050000000000000000e+05
4.389999999999999914e-04
