1.248000000000000000e+03 2.141465385250379272e-01 1.500615212570511614e-01 1.605602789232063107e-02 5.622953781180960453e-01 1.392588066049027962e+00
8.720000000000000000e+02 2.263891764453007105e-01 1.872329391120019504e-01 2.732247906024770981e-02 5.585834670272187275e-01 1.309295639687005020e+00
3.490000000000000000e+02 2.337002339367652282e-01 2.631534129976283998e-01 5.435288828603768857e-02 5.519543973604118525e-01 1.113922458850956199e+00
1.386000000000000000e+03 2.149786535310500291e-01 1.379702431135139129e-01 9.120996855564528216e-03 5.644461697578736503e-01 1.403352273263175576e+00
1.184000000000000000e+03 2.152103980445198572e-01 1.535220017709010565e-01 1.840540976848160926e-02 5.674623298496811463e-01 1.407040414816089102e+00
5.990000000000000000e+02 2.307447881631377873e-01 2.204574283021834280e-01 3.541171790635398720e-02 5.485050086084810594e-01 1.214070594046478657e+00
9.930000000000000000e+02 2.257934955366658336e-01 1.608658397063459922e-01 1.415736998847718503e-02 5.618061782815410021e-01 1.310339971756987021e+00
8.030000000000000000e+02 2.274887824914817169e-01 1.983059051904891845e-01 3.050452654879655390e-02 5.638927620762961279e-01 1.296117719994096973e+00
2.090000000000000000e+02 2.246265069427208494e-01 3.352598945378802431e-01 7.236483622413172889e-02 5.434573728694065409e-01 9.585014598052923329e-01
1.459000000000000000e+03 2.134945433022222838e-01 1.461085619575162309e-01 1.330120626474571265e-02 5.623303813738778079e-01 1.431528889900725021e+00
1.350000000000000000e+02 2.151890678569645388e-01 3.839118426486076152e-01 9.460281654297281184e-02 5.321888653798543256e-01 8.758482983822072354e-01
1.124000000000000000e+03 2.158637788608231134e-01 1.637676348937442128e-01 2.018198707572267658e-02 5.648104702642114949e-01 1.373424122202882236e+00
2.110000000000000000e+02 2.341949510569369675e-01 3.249233132313917305e-01 6.743398860307496523e-02 5.468808390840038669e-01 9.668609323102554942e-01
5.000000000000000000e+01 2.031984217190652697e-01 4.564317606722808063e-01 1.641055183720921407e-01 5.176262912357583179e-01 6.911255760955098415e-01
1.497000000000000000e+03 2.090885544145729968e-01 1.340600041006202170e-01 1.323876906348970747e-02 5.606628543396853237e-01 1.410903457340770828e+00
1.254000000000000000e+03 2.212785078640410463e-01 1.685793877520133099e-01 1.962112497671663486e-02 5.625722974959872502e-01 1.368299619903718956e+00
1.620000000000000000e+02 2.259380854794411364e-01 3.539884958245413937e-01 8.520719583430957922e-02 5.375930762723524214e-01 8.974258448722572945e-01
1.098000000000000000e+03 2.151549118288398343e-01 1.761344456117288626e-01 1.729442329214861754e-02 5.618046993841522285e-01 1.330868658175721198e+00
1.412000000000000000e+03 2.137830738170652112e-01 1.314694454381484245e-01 1.950384757827745147e-02 5.656145904670361046e-01 1.447767962386123486e+00
8.010000000000000000e+02 2.213597064062924336e-01 1.848936370257744932e-01 2.792642834931317181e-02 5.586875444617493969e-01 1.283544806643012404e+00
1.342000000000000000e+03 2.190774801336957123e-01 1.375787883122217281e-01 1.925240100273534899e-02 5.652946262261808741e-01 1.417220383009801132e+00
3.360000000000000000e+02 2.281363153957080836e-01 2.922175829700529581e-01 4.877462813806709985e-02 5.447253904287763238e-01 1.055792321135382128e+00
4.000000000000000000e+01 1.945415091439840483e-01 4.579187470323465847e-01 1.743224692176745805e-01 5.183917807176415815e-01 6.611697646074196077e-01
1.053000000000000000e+03 2.204583956548047119e-01 1.554973597116874884e-01 2.294630209022630388e-02 5.653116954802677174e-01 1.389471779655073291e+00
1.174000000000000000e+03 2.197321890875737205e-01 1.488262958875490038e-01 1.489622623184729683e-02 5.612425887353972298e-01 1.373185457181626656e+00
5.120000000000000000e+02 2.317488478215092296e-01 2.235500387153370461e-01 3.980926948565487872e-02 5.493671485028126522e-01 1.208627185184054431e+00
5.950000000000000000e+02 2.336638298653039847e-01 2.250228727603634793e-01 3.024584708107611389e-02 5.542214788257967539e-01 1.223156608459714079e+00
5.230000000000000000e+02 2.316935216285413712e-01 2.128879257571405226e-01 2.945343911059690109e-02 5.518908952011609692e-01 1.212858446019287051e+00
1.198000000000000000e+03 2.185844904214725715e-01 1.481991819151647349e-01 1.094158841170271568e-02 5.642109466701086262e-01 1.365915426402455113e+00
1.257000000000000000e+03 2.184061069896265639e-01 1.415125383992655861e-01 2.323011839645607729e-02 5.609624499830964117e-01 1.387865501680616953e+00
8.070000000000000000e+02 2.243174782205391016e-01 2.165952428906699756e-01 1.946916587369065810e-02 5.608696493116304138e-01 1.268897225943936169e+00
1.100000000000000000e+01 1.876801454464406271e-01 5.281456245990648890e-01 2.225128831784348171e-01 4.848784483461492378e-01 6.075807179546870440e-01
1.031000000000000000e+03 2.204572811861705839e-01 1.681381666437303524e-01 2.306648380147598501e-02 5.651150453792003203e-01 1.378448463905110222e+00
6.930000000000000000e+02 2.277474536666187765e-01 2.084864342365459755e-01 3.286541875964445192e-02 5.520133984365015456e-01 1.274855673117375909e+00
6.600000000000000000e+02 2.276586172964554511e-01 2.026826299207796778e-01 3.202047957303261888e-02 5.533920369824726349e-01 1.236044007623415375e+00
2.900000000000000000e+02 2.362342456779280564e-01 2.932231620570637243e-01 5.892983930408987603e-02 5.434208246097304018e-01 1.027046687777585232e+00
8.660000000000000000e+02 2.224577862962596742e-01 1.635231725127890556e-01 1.425178230054080335e-02 5.596482987174032919e-01 1.322525522604038217e+00
7.620000000000000000e+02 2.232699120332821974e-01 2.002883101096463170e-01 2.819207230639551170e-02 5.561273163332230984e-01 1.273265055200460738e+00
1.144000000000000000e+03 2.192596609224235771e-01 1.601631061998918248e-01 1.108564288677947249e-02 5.619487604332681352e-01 1.343847302639080699e+00
1.379000000000000000e+03 2.151685589429320200e-01 1.214371403512862352e-01 1.760943252710572490e-02 5.674211060267108087e-01 1.399978104637600973e+00
2.430000000000000000e+02 2.282302448852958077e-01 3.017684972465778381e-01 7.160791406224643885e-02 5.378870778786288831e-01 9.894789718276366663e-01
1.448000000000000000e+03 2.090419748715897363e-01 1.474578551241470525e-01 1.335319076699803889e-02 5.635611258993061812e-01 1.427597341535929543e+00
1.037000000000000000e+03 2.197239726624889145e-01 1.828052823357116663e-01 1.857756654355751866e-02 5.604192415385618187e-01 1.327563590423193496e+00
5.630000000000000000e+02 2.329744495076171984e-01 2.125057595985147818e-01 3.333896659719266103e-02 5.525908186777943598e-01 1.176251531858268473e+00
5.340000000000000000e+02 2.313410274729905680e-01 2.414948079704020700e-01 4.176207794008443552e-02 5.521635891120953987e-01 1.177413433074779636e+00
2.600000000000000000e+01 1.917144749700842588e-01 4.996416196054206948e-01 2.033583929333761531e-01 5.061737861358758250e-01 6.342754729636468358e-01
4.900000000000000000e+01 2.059380800421443114e-01 4.547797591256044769e-01 1.611898486590238322e-01 5.100582406832742111e-01 7.284969355689606685e-01
8.100000000000000000e+01 2.114007798611639288e-01 4.353277671086800971e-01 1.347999633102550388e-01 5.283150666006600771e-01 7.728131412252595700e-01
1.381000000000000000e+03 2.185462887866562731e-01 1.414533138806111923e-01 9.359753971589184277e-03 5.678993373056540062e-01 1.392512127832743696e+00
4.960000000000000000e+02 2.355884059032737621e-01 2.556936786801645156e-01 4.245556954855380510e-02 5.518338828986915079e-01 1.186535107298697822e+00
1.140000000000000000e+03 2.261085637139549909e-01 1.660067402994494234e-01 1.815993923410607128e-02 5.608369621651497772e-01 1.380972954188088853e+00
8.900000000000000000e+02 2.221461033789658146e-01 1.823833799008145462e-01 2.003353386051911350e-02 5.586202123096789540e-01 1.298288132958838492e+00
8.530000000000000000e+02 2.164444227988559233e-01 1.771394782031606163e-01 2.622687444044192670e-02 5.602002772578554834e-01 1.289343941360029389e+00
1.063000000000000000e+03 2.180621331043535727e-01 1.646386302306180605e-01 2.096425768631518874e-02 5.610525412224808273e-01 1.359791993236042273e+00
6.100000000000000000e+02 2.300506202584741144e-01 2.142242838035427199e-01 3.792890065848000813e-02 5.608527578259787649e-01 1.222872463207024252e+00
1.345000000000000000e+03 2.168703434430820365e-01 1.393583968888762736e-01 1.724309477517945582e-02 5.608714566970741666e-01 1.396962459955139346e+00
1.469000000000000000e+03 2.154906559614805373e-01 1.239915108344058492e-01 1.675383292431790322e-02 5.645223197995031805e-01 1.426965600670516032e+00
3.960000000000000000e+02 2.339051245052748695e-01 2.513569727050734004e-01 4.791313594789618768e-02 5.495463312132776723e-01 1.160580230624713494e+00
7.690000000000000000e+02 2.325748804948425119e-01 1.981066737401019628e-01 2.039192334785630903e-02 5.564174146544572652e-01 1.228629964721505985e+00
4.260000000000000000e+02 2.319366685710463893e-01 2.472536840769878341e-01 3.772845127959185973e-02 5.476178937164830618e-01 1.109386440091604697e+00
2.300000000000000000e+01 1.929241799937204127e-01 5.009113893202584711e-01 2.043239426909060352e-01 5.081125470567103841e-01 6.021587435658326548e-01
6.340000000000000000e+02 2.301770087545497168e-01 2.053189418633769581e-01 2.713694600269898199e-02 5.490496062368838137e-01 1.200122285048763393e+00
6.450000000000000000e+02 2.303436230330994927e-01 2.233931256360527084e-01 2.807903655705392548e-02 5.537326188408512317e-01 1.249021033733052954e+00
1.130000000000000000e+02 2.203365817666929627e-01 4.078546689883033038e-01 1.087639103125066786e-01 5.297106530613854281e-01 8.384251283675571154e-01
1.055000000000000000e+03 2.188670533554571973e-01 1.527973454705884027e-01 1.452219601477555688e-02 5.623213160077994432e-01 1.354253561289572971e+00
5.640000000000000000e+02 2.297533230749597144e-01 2.415868876006157517e-01 2.644372408840819574e-02 5.534573798604845996e-01 1.256212711763217360e+00
8.380000000000000000e+02 2.231021607439064858e-01 1.995603489452641710e-01 2.150260297068734908e-02 5.598447974218533352e-01 1.280256610969535469e+00
1.267000000000000000e+03 2.132940197625501910e-01 1.550036957749453270e-01 6.676109119995464469e-03 5.684239724599837729e-01 1.394629361402240475e+00
9.230000000000000000e+02 2.235370166685403670e-01 1.665126464292227271e-01 1.925754112015459069e-02 5.623045517062549292e-01 1.351647141069736824e+00
9.610000000000000000e+02 2.261823659255403907e-01 1.775674071547299893e-01 3.023482657419356359e-02 5.655723817544233700e-01 1.317200899691932880e+00
1.328000000000000000e+03 2.122568537704359048e-01 1.449486508993910183e-01 1.775528605568505586e-02 5.644805543678752535e-01 1.444244068171702811e+00
2.580000000000000000e+02 2.324173222899425240e-01 3.210606512622706243e-01 6.411085603324490068e-02 5.425595003421976870e-01 9.962512872317231816e-01
1.045000000000000000e+03 2.175784246420160717e-01 1.689541153656916317e-01 2.485169600022648501e-02 5.620699584087672784e-01 1.351512273581936929e+00
6.180000000000000000e+02 2.303362916690980533e-01 2.180086267943828204e-01 3.432611775178168179e-02 5.536242615247537469e-01 1.190967205320877298e+00
1.444000000000000000e+03 2.111332767029680535e-01 1.273491254020162056e-01 1.594149312334305901e-02 5.631014265603038194e-01 1.459673963153698573e+00
1.250000000000000000e+03 2.145675806996094059e-01 1.598459639056890591e-01 1.336244798864660854e-02 5.645997552245892726e-01 1.402183890750768214e+00
7.670000000000000000e+02 2.273886633279652014e-01 1.964418809162971347e-01 2.183942664124096864e-02 5.536444666474722442e-01 1.318174441438436650e+00
7.470000000000000000e+02 2.302919241245663384e-01 2.142094204309143712e-01 2.058536010877850750e-02 5.573225624394239075e-01 1.226681023491972722e+00
8.990000000000000000e+02 2.233644270140984767e-01 1.855025669086426687e-01 2.245413894787042300e-02 5.551382511117316509e-01 1.328268163294723969e+00
9.100000000000000000e+01 2.160410017517732095e-01 4.065206723199631944e-01 1.145724371069131164e-01 5.301374299131921264e-01 7.816840194488779980e-01
3.690000000000000000e+02 2.358458217622693698e-01 2.745221995348272048e-01 5.114104559085567991e-02 5.511516650431024233e-01 1.092987413444092004e+00
6.390000000000000000e+02 2.313031069287826702e-01 2.127372183595578892e-01 3.063634361008893761e-02 5.488744870486994554e-01 1.242698228871352617e+00
2.790000000000000000e+02 2.278266296277000336e-01 2.988733749929185501e-01 5.365125632451161336e-02 5.419450093218466380e-01 1.046063376736369399e+00
5.810000000000000000e+02 2.328372575773477449e-01 2.257746272476168492e-01 2.726615239024712464e-02 5.593995269786143920e-01 1.200458746947661304e+00
1.432000000000000000e+03 2.140832324064357028e-01 1.553048454229990494e-01 1.385388771417690387e-02 5.669077593277054294e-01 1.396629597053578697e+00
1.233000000000000000e+03 2.176337137499887442e-01 1.524969792400866220e-01 1.283800390800226253e-02 5.599631373309309490e-01 1.375225609039289143e+00
9.300000000000000000e+01 2.133625664569530622e-01 4.181696392882554014e-01 1.180042160745896074e-01 5.230617784747771948e-01 8.005492849444180159e-01
2.170000000000000000e+02 2.331382182000307501e-01 3.233818167924660814e-01 7.019788234038153163e-02 5.381018791416073421e-01 9.882505509671890565e-01
1.417000000000000000e+03 2.170233081146056009e-01 1.501439253334607982e-01 8.680432714139279041e-03 5.646783897642073669e-01 1.433272887245917726e+00
1.415000000000000000e+03 2.090352317389975456e-01 1.536431697382980854e-01 2.346273007995217791e-02 5.654231587672909898e-01 1.452074641479839778e+00
9.300000000000000000e+02 2.255141905760803256e-01 1.758636291094161364e-01 1.539711170167729938e-02 5.565765171516253718e-01 1.300912012679997787e+00
4.540000000000000000e+02 2.313187809976938181e-01 2.521773451368094499e-01 4.507703585492241205e-02 5.562352941450008359e-01 1.129769008832397281e+00
5.710000000000000000e+02 2.309217830669119120e-01 2.258088116160464620e-01 3.731173379013438818e-02 5.584684349199630082e-01 1.179705133730279298e+00
1.256000000000000000e+03 2.132043959061295790e-01 1.357801926187713892e-01 1.708008676305506485e-02 5.616327501148089540e-01 1.375603448450382293e+00
9.720000000000000000e+02 2.213112480944507687e-01 1.707012522324097281e-01 2.272860718526546059e-02 5.626769122868497952e-01 1.308714293321389111e+00
1.252000000000000000e+03 2.203720211320333022e-01 1.429325322086144046e-01 1.390651966164016193e-02 5.647127948370944672e-01 1.401907002235606825e+00
9.870000000000000000e+02 2.247827004964151887e-01 1.637404229876188999e-01 1.779910437673499352e-02 5.620918762364683907e-01 1.357615958635955744e+00
1.484000000000000000e+03 2.082856303231605255e-01 1.431080803383086020e-01 1.851520137532319116e-02 5.636556981664089250e-01 1.439189110894073753e+00
5.300000000000000000e+02 2.299872073687407870e-01 2.315802193887034899e-01 3.517528982291008577e-02 5.514158838175639010e-01 1.196770240367970084e+00
4.360000000000000000e+02 2.315579242481435318e-01 2.404703916277884379e-01 4.710811553906040644e-02 5.522927478849359861e-01 1.152965038136275933e+00
6.730000000000000000e+02 2.292926931358721110e-01 2.063645425944977130e-01 3.225297549652524076e-02 5.599881049256140164e-01 1.215286196333828395e+00
8.770000000000000000e+02 2.228414988929026397e-01 1.877368122077188173e-01 2.497162226821777326e-02 5.613356557642911193e-01 1.299192643107719869e+00
1.600000000000000000e+01 1.803096116115390501e-01 5.263403548817998656e-01 2.203247504463974604e-01 4.995240290743057088e-01 6.055942459254960442e-01
2.760000000000000000e+02 2.347754249327213827e-01 3.000962616304067576e-01 5.842929455880992162e-02 5.396635205283192294e-01 1.049169146776805395e+00
1.420000000000000000e+03 2.163982230144253782e-01 1.432984714221961497e-01 1.365843933175496516e-02 5.614066004177975522e-01 1.433938114581717160e+00
1.750000000000000000e+02 2.273346069727335272e-01 3.530170477748195701e-01 8.523090265189448012e-02 5.378826742333391309e-01 9.316223946142679901e-01
1.380000000000000000e+02 2.192975166368508755e-01 3.600070054451337542e-01 9.910647280244894164e-02 5.335467439580644511e-01 8.777834204524125328e-01
1.407000000000000000e+03 2.136378176064557544e-01 1.285179953446443091e-01 1.750931032745188173e-02 5.623107701912276601e-01 1.397431328980368592e+00
4.670000000000000000e+02 2.299450441482112362e-01 2.381181857886457143e-01 3.507725910724518448e-02 5.538590349204377539e-01 1.168590901605405685e+00
5.400000000000000000e+01 2.062419915236928247e-01 4.602002874983474601e-01 1.553128312434735592e-01 5.209002128594633074e-01 7.494153606203900475e-01
6.550000000000000000e+02 2.294723776483282851e-01 2.040313297830992634e-01 2.847103920718387082e-02 5.549465644935172026e-01 1.285209862547771698e+00
2.060000000000000000e+02 2.238439014148962958e-01 3.255292574499393243e-01 7.757514689730889146e-02 5.427129104584160757e-01 9.787184124008445618e-01
5.760000000000000000e+02 2.294024440853758839e-01 2.238958833614676514e-01 3.452550330296413200e-02 5.546516991893480908e-01 1.191828463884772260e+00
6.640000000000000000e+02 2.316321659012902934e-01 2.011010194889847058e-01 2.630774045926128138e-02 5.586785284794392181e-01 1.255605404745453457e+00
5.170000000000000000e+02 2.309725850588453255e-01 2.466803171732160349e-01 2.809784781970167677e-02 5.498197874821404429e-01 1.191707751868680942e+00
7.290000000000000000e+02 2.263603704257577953e-01 1.932694175370189282e-01 3.136661986319925349e-02 5.575248395250619327e-01 1.246996732821119114e+00
8.970000000000000000e+02 2.252062924985361869e-01 1.762193992942337195e-01 1.976987072422262126e-02 5.549817927733314837e-01 1.303631389675407704e+00
1.322000000000000000e+03 2.165203680009213094e-01 1.413485789042233098e-01 8.888698460420904959e-03 5.631300015031637241e-01 1.433354854196126960e+00
9.600000000000000000e+01 2.136172665548559946e-01 4.303392988898667726e-01 1.222719331711140944e-01 5.275502093431995165e-01 8.002042356604861517e-01
1.077000000000000000e+03 2.152417954529236566e-01 1.699725981282894371e-01 1.817401341686486482e-02 5.615524948706870356e-01 1.291628954215828573e+00
3.400000000000000000e+02 2.342079086476817895e-01 2.784896921820045890e-01 4.809243609280597354e-02 5.462651399882720860e-01 1.119200947639294119e+00
1.129000000000000000e+03 2.180057144281304649e-01 1.615314954472975573e-01 1.831042720645359792e-02 5.655085889185245129e-01 1.384656948720177416e+00
5.560000000000000000e+02 2.268921168001835631e-01 2.293110025227357296e-01 2.581790546632412725e-02 5.545676887409135558e-01 1.187899353920353507e+00
9.250000000000000000e+02 2.232177923358952820e-01 1.762625026699692898e-01 2.073714101508168997e-02 5.593720512218396390e-01 1.310001472845036208e+00
4.780000000000000000e+02 2.320057541207538876e-01 2.413806699856050064e-01 4.579302318828603474e-02 5.555027586215367519e-01 1.169388003819449739e+00
8.020000000000000000e+02 2.243611177568890780e-01 2.053350262693094952e-01 2.709079206594017936e-02 5.546270027679071069e-01 1.271850902332367417e+00
6.040000000000000000e+02 2.274665498005863096e-01 2.013501639920012021e-01 3.127871672420862864e-02 5.531345905164157806e-01 1.197446377705763565e+00
1.286000000000000000e+03 2.109597555156384474e-01 1.494887015645220141e-01 7.195156588891119323e-03 5.623310568218209404e-01 1.363321838991859991e+00
6.670000000000000000e+02 2.251378104623256993e-01 2.024734134052469658e-01 3.395525695188102849e-02 5.592389223899644213e-01 1.269420470219414510e+00
5.290000000000000000e+02 2.276773156979993717e-01 2.432683759410556867e-01 3.577065322567666433e-02 5.531114248866798588e-01 1.175956998656353392e+00
1.140000000000000000e+02 2.172049810564961603e-01 3.950580809463817844e-01 1.063946092497301960e-01 5.265390554526574451e-01 8.471043180046946564e-01
1.700000000000000000e+02 2.294821713965447263e-01 3.521108679275883335e-01 8.117722730679584331e-02 5.403880004418618599e-01 9.168467407462860264e-01
1.102000000000000000e+03 2.209763026684014586e-01 1.706235440812473303e-01 9.768717922512337032e-03 5.609392734587956841e-01 1.369343663639747133e+00
1.050000000000000000e+02 2.191089716008199906e-01 4.002406020836147271e-01 1.077803784623935918e-01 5.334074730045296198e-01 8.361877611491168594e-01
1.189000000000000000e+03 2.184618366469281148e-01 1.582605545288305327e-01 1.818828280346660581e-02 5.606820160110732587e-01 1.360720293524552815e+00
2.980000000000000000e+02 2.342866370452280078e-01 2.795015902471652547e-01 5.458310127127131289e-02 5.455185592152418383e-01 1.051955796731791848e+00
1.020000000000000000e+03 2.236406392814828947e-01 1.712674659398374932e-01 2.148084452754848994e-02 5.624621063792447639e-01 1.327019570588835462e+00
9.990000000000000000e+02 2.230882783492011967e-01 1.707871120855494751e-01 2.357608518195129441e-02 5.594185937089597438e-01 1.321686406825987925e+00
1.404000000000000000e+03 2.117490382677829353e-01 1.512472886715890141e-01 1.693379039717318041e-02 5.620075212852913005e-01 1.391395330403156771e+00
1.368000000000000000e+03 2.158366713943437598e-01 1.441178621550645023e-01 1.533868852959333236e-02 5.653722315923100927e-01 1.384014312002670444e+00
1.190000000000000000e+02 2.199928998826574666e-01 3.839215523068483793e-01 9.677440194078996971e-02 5.305004825776632460e-01 8.422395650921187249e-01
7.930000000000000000e+02 2.242440532383548901e-01 1.882762767627651213e-01 1.504413100308120421e-02 5.600329462525137636e-01 1.296709431830963100e+00
8.890000000000000000e+02 2.245089575126441583e-01 1.785147656026538354e-01 2.140900307964639301e-02 5.601087855656364800e-01 1.286636201496110798e+00
1.224000000000000000e+03 2.184916854900463556e-01 1.503240494563662655e-01 2.621987468863457363e-02 5.693361404894217159e-01 1.376467686247558220e+00
3.630000000000000000e+02 2.369636478865057294e-01 2.752888031335486430e-01 4.542761431354264828e-02 5.514633735902850775e-01 1.075813193680420277e+00
5.620000000000000000e+02 2.317299353547979668e-01 2.104531259727441816e-01 3.579245469212049419e-02 5.574731368399443721e-01 1.170165834483355427e+00
1.007000000000000000e+03 2.243337401963367561e-01 1.593252079771952379e-01 2.015409188171095323e-02 5.622612068932605345e-01 1.355693087118487350e+00
4.580000000000000000e+02 2.323048876408450869e-01 2.482242973842377076e-01 4.371603280967280986e-02 5.514709677767494211e-01 1.175316245771771850e+00
5.900000000000000000e+01 2.082701933148083384e-01 4.508370590141831946e-01 1.489256323939764926e-01 5.187000576834511767e-01 7.078100152910732357e-01
1.320000000000000000e+03 2.171600305636122996e-01 1.381386618392094479e-01 1.055302342609815841e-02 5.610012252762970331e-01 1.384347545087189379e+00
1.296000000000000000e+03 2.163155192976560781e-01 1.483457167328917081e-01 1.542696625662444594e-02 5.640666948898291899e-01 1.415533430436254347e+00
3.000000000000000000e+01 1.879012727633631030e-01 4.922676856617874130e-01 1.959650617910612680e-01 5.092888330734193225e-01 6.460794331689646564e-01
6.860000000000000000e+02 2.252092350862399395e-01 2.143792379515993829e-01 3.620497971193804843e-02 5.563652535113242648e-01 1.266000201239138256e+00
1.263000000000000000e+03 2.156728645591150240e-01 1.423065522677742500e-01 1.244278563675301798e-02 5.661199562702936561e-01 1.385880783101527181e+00
1.165000000000000000e+03 2.167806248066646568e-01 1.688220368950759942e-01 1.889622178147819936e-02 5.629083801209098237e-01 1.396768597495986697e+00
3.880000000000000000e+02 2.330031425232685915e-01 2.696894811180801654e-01 4.023647297376956034e-02 5.449906172960544692e-01 1.082036041942071369e+00
2.820000000000000000e+02 2.321151413998363278e-01 3.012162921948680072e-01 5.301800078251144022e-02 5.471267749278067027e-01 1.032816222560138719e+00
1.040000000000000000e+02 2.181480154872703359e-01 4.004596212361640761e-01 1.149143234340972430e-01 5.280145149981552155e-01 8.192967913016603321e-01
9.450000000000000000e+02 2.211472853929666027e-01 1.758207476621728715e-01 1.507630076518438542e-02 5.627290322046837323e-01 1.349105656840659861e+00
9.340000000000000000e+02 2.209906044803860992e-01 1.658680108536129127e-01 1.791932839815794584e-02 5.604561553730857959e-01 1.320436430625507418e+00
4.080000000000000000e+02 2.296195109460929529e-01 2.743327697244357655e-01 4.617551808101297978e-02 5.517335897341405504e-01 1.080532926960994011e+00
7.700000000000000000e+01 2.144004962868754083e-01 4.305790218598352648e-01 1.378550128116289297e-01 5.214495555375081581e-01 7.970875053075993089e-01
1.021000000000000000e+03 2.207723976942069788e-01 1.860865337322354929e-01 2.060178299674605973e-02 5.573909683837340312e-01 1.341286051847282890e+00
5.160000000000000000e+02 2.304048123894082145e-01 2.235586681510373930e-01 4.197164276966391938e-02 5.504900717498745211e-01 1.207147335296891555e+00
2.450000000000000000e+02 2.321317615674023116e-01 3.138240025188028803e-01 6.407157793196653628e-02 5.416435933368559663e-01 9.885982738346625887e-01
3.780000000000000000e+02 2.323458602592779754e-01 2.703248131749678707e-01 4.210418370544338068e-02 5.501692410366884056e-01 1.124457296552155317e+00
2.160000000000000000e+02 2.226292277106667328e-01 3.352846039893494501e-01 6.843842604164941668e-02 5.406816098290314621e-01 9.870706534083727446e-01
1.150000000000000000e+03 2.197120166926926077e-01 1.651601484357006211e-01 1.387680644824453718e-02 5.639666165707606371e-01 1.388256139403285072e+00
1.170000000000000000e+02 2.232416054410384931e-01 3.890098502832160521e-01 1.037965073693344481e-01 5.305471121653421163e-01 8.444604109216552468e-01
4.620000000000000000e+02 2.314264017597380818e-01 2.401450120100990238e-01 3.896835974157336624e-02 5.530394645096029516e-01 1.138746154397772603e+00
1.033000000000000000e+03 2.233077652011624115e-01 1.701158510274667635e-01 2.153505903903558949e-02 5.645458394315799877e-01 1.364569685599388071e+00
1.216000000000000000e+03 2.193793400146104577e-01 1.436097338547776547e-01 1.116590881310814895e-02 5.646359431956015085e-01 1.368598949227640915e+00
5.200000000000000000e+01 2.018888279952921194e-01 4.599018772483376427e-01 1.587488512509808436e-01 5.226797387148431895e-01 7.027295393734844797e-01
1.394000000000000000e+03 2.108549646090728813e-01 1.462731391647563162e-01 9.698273298535953213e-03 5.602829827117425943e-01 1.439360076419799794e+00
7.980000000000000000e+02 2.261446539942047473e-01 1.868821646239653411e-01 1.754670144239537169e-02 5.555558588183239221e-01 1.270251057851746745e+00
5.830000000000000000e+02 2.280066934852379434e-01 2.252219455231675993e-01 4.129033965683460983e-02 5.499681539047125423e-01 1.223071617212891482e+00
1.019000000000000000e+03 2.228734982988631042e-01 1.730168352994574388e-01 1.342764598364751955e-02 5.632996070608954353e-01 1.370203616786180412e+00
1.870000000000000000e+02 2.303461403114984429e-01 3.489113190490457095e-01 8.144924011763529648e-02 5.363012895011752823e-01 9.214275615914289119e-01
1.403000000000000000e+03 2.188943779805391232e-01 1.360008006619161103e-01 1.542912823668922406e-02 5.643780946656938857e-01 1.435638043133931285e+00
6.960000000000000000e+02 2.259754681284326938e-01 2.040923275117278168e-01 2.631630467939828980e-02 5.558128064440240879e-01 1.236647031986704004e+00
1.445000000000000000e+03 2.146401657586498313e-01 1.557990974491500757e-01 1.847992811587945844e-02 5.659395810931576731e-01 1.454691350938242644e+00
4.210000000000000000e+02 2.325827872730551193e-01 2.614623862867831994e-01 4.463557625685012076e-02 5.564186286856914743e-01 1.097279916160223578e+00
1.281000000000000000e+03 2.089418791165014166e-01 1.507176495215031831e-01 1.947885238795697693e-02 5.615107204252287598e-01 1.380224095156102226e+00
1.396000000000000000e+03 2.147124397822936237e-01 1.322420885602082208e-01 1.671556397270049232e-02 5.623909576508046015e-01 1.431851743000893684e+00
3.660000000000000000e+02 2.343751066943367822e-01 2.883356636694691666e-01 4.550824348393815028e-02 5.453716289080702273e-01 1.073309060125740233e+00
2.490000000000000000e+02 2.356364612766997657e-01 2.966069282750579683e-01 6.904704291772856273e-02 5.422961954467758749e-01 1.005701619440727779e+00
8.640000000000000000e+02 2.216558908750523305e-01 2.048233142385749439e-01 2.296192104383278434e-02 5.564345150673047913e-01 1.285294039892524998e+00
9.770000000000000000e+02 2.209721099159845104e-01 1.669576507408119248e-01 2.014508287401829689e-02 5.603398435368214248e-01 1.322941683509673227e+00
2.440000000000000000e+02 2.314551758536220749e-01 3.098023704049193694e-01 6.787916535316418365e-02 5.423410925775923319e-01 1.019169177648982849e+00
2.080000000000000000e+02 2.281979404400973355e-01 3.221834212047001711e-01 6.948446267219446359e-02 5.400405607970297783e-01 9.698266681059933836e-01
5.840000000000000000e+02 2.296597131543046955e-01 2.313791543533054995e-01 3.978166617791714654e-02 5.505474013320056370e-01 1.226364264233390733e+00
3.000000000000000000e+00 3.260755312714226917e-01 4.748521865518379736e-01 1.841984954032060695e-01 3.084101042823564898e-01 5.282234090557028638e-01
7.080000000000000000e+02 2.313386008552244522e-01 1.985640545487573072e-01 2.786608021590787285e-02 5.583670974810355236e-01 1.257534149382709021e+00
8.560000000000000000e+02 2.218867961856337279e-01 1.813196591363821497e-01 2.448155809294208160e-02 5.645182564390189839e-01 1.310977444034183259e+00
8.200000000000000000e+02 2.226841248311999255e-01 1.821157989230156315e-01 2.682958701881601668e-02 5.576711402120410055e-01 1.305816273766294167e+00
6.100000000000000000e+01 2.045262155226834910e-01 4.406126486013071109e-01 1.538701370925755485e-01 5.203700534498663099e-01 7.478471628149334638e-01
1.470000000000000000e+02 2.244054633615468197e-01 3.751539056123253668e-01 9.604546789320776712e-02 5.365968311875591867e-01 8.823619380322974548e-01
5.010000000000000000e+02 2.313580956432471358e-01 2.368581763670567220e-01 3.298190681887618741e-02 5.537438309571095507e-01 1.169308238526973520e+00
8.870000000000000000e+02 2.237894795365194811e-01 1.824562650805851560e-01 3.173985006849955326e-02 5.568733531282855642e-01 1.326572584553390444e+00
5.040000000000000000e+02 2.326276427200545949e-01 2.205364732873452693e-01 3.893950095692699787e-02 5.532837861542504454e-01 1.139868782521237911e+00
4.870000000000000000e+02 2.287663352708361186e-01 2.361109509343811141e-01 3.884959365617936949e-02 5.519423206726384867e-01 1.130691911496829460e+00
5.500000000000000000e+02 2.329905354248755223e-01 2.378781709382344067e-01 3.364437745769957577e-02 5.512155979572468389e-01 1.195238395991868430e+00
1.473000000000000000e+03 2.073380754487106903e-01 1.181580278223503394e-01 1.256380453774295393e-02 5.652030778575126702e-01 1.454909148861025292e+00
1.356000000000000000e+03 2.160359620936149194e-01 1.377290055243356182e-01 1.600855378641164242e-02 5.680269583108378262e-01 1.390731323417424781e+00
2.390000000000000000e+02 2.333829467526359336e-01 3.387766131088514876e-01 6.945455450392579166e-02 5.454937812041290579e-01 1.031075997850270154e+00
1.091000000000000000e+03 2.175468218839540502e-01 1.635366099964967734e-01 1.803357442399225810e-02 5.570662483462236469e-01 1.358810427318468683e+00
1.147000000000000000e+03 2.211260157606746435e-01 1.632959436078282311e-01 1.054174690228593114e-02 5.585547283092821003e-01 1.371151497941647035e+00
1.390000000000000000e+03 2.109341190550581557e-01 1.441934485211157357e-01 1.086489429359196318e-02 5.599093709820421871e-01 1.450093204675355851e+00
9.160000000000000000e+02 2.223586632619878045e-01 1.739539060742887611e-01 1.673513865777912640e-02 5.594977969475192214e-01 1.283689731630392572e+00
2.410000000000000000e+02 2.322100443100050815e-01 3.007444502503491823e-01 6.411572452525038379e-02 5.459791652487211433e-01 1.012244328704766660e+00
9.330000000000000000e+02 2.223503518882158636e-01 1.792798846620825837e-01 1.957551492846069247e-02 5.606034211913358822e-01 1.334218947615433803e+00
1.127000000000000000e+03 2.210192107529332373e-01 1.661738809923133386e-01 1.506917183905566102e-02 5.622260357164385880e-01 1.365368730445352563e+00
4.890000000000000000e+02 2.324702540753501856e-01 2.387855676827569662e-01 4.255962115391814793e-02 5.502266515949918446e-01 1.144671740439344054e+00
4.880000000000000000e+02 2.359386486311453590e-01 2.435653452301115296e-01 3.707850502246485408e-02 5.516939142673971119e-01 1.175451895565773563e+00
1.226000000000000000e+03 2.137440060052575586e-01 1.432316227852795942e-01 2.303328924019447735e-02 5.619809855838274748e-01 1.406166069418081088e+00
1.357000000000000000e+03 2.120744187881726528e-01 1.412452997279090572e-01 1.648689649080101183e-02 5.659098823310496629e-01 1.438867780677071329e+00
3.950000000000000000e+02 2.344414404341160496e-01 2.582031352017951642e-01 4.400919395479141460e-02 5.527611941854201349e-01 1.085906468345413156e+00
3.620000000000000000e+02 2.332727381236712472e-01 2.735574906261878936e-01 4.942850025101386963e-02 5.471135027358005054e-01 1.055938535333798001e+00
9.070000000000000000e+02 2.222478111424332770e-01 1.834935703824339404e-01 1.110909642497990776e-02 5.621230785451291068e-01 1.318101199496115594e+00
2.570000000000000000e+02 2.302201391152954302e-01 2.953412315316442660e-01 6.005162774256952302e-02 5.418543977477725537e-01 9.997805630598050053e-01
4.190000000000000000e+02 2.297373588844544845e-01 2.553818119765000061e-01 4.824589604749056349e-02 5.496864254250813930e-01 1.105155424600103631e+00
8.390000000000000000e+02 2.238283969484871072e-01 1.740153937743657286e-01 2.811682614882697953e-02 5.608140841146738165e-01 1.298865130983114513e+00
6.080000000000000000e+02 2.293524839404763871e-01 2.166193770297688836e-01 2.524166645474646212e-02 5.528501915351626828e-01 1.242816558353514678e+00
5.030000000000000000e+02 2.316029845415326915e-01 2.116787007619954086e-01 4.238777281401448493e-02 5.514271403105371894e-01 1.186137054277779601e+00
2.690000000000000000e+02 2.350010479956469167e-01 3.027281922619931565e-01 5.148283132084366387e-02 5.404063249420698600e-01 1.017929321207122095e+00
2.680000000000000000e+02 2.347231785724434860e-01 3.076879137932056474e-01 6.500752046184242461e-02 5.500179444691806196e-01 1.022944621822854394e+00
9.750000000000000000e+02 2.260731392449449872e-01 1.629230989272162922e-01 2.822003779461902673e-02 5.604003341777371583e-01 1.327346139502678213e+00
1.259000000000000000e+03 2.160551807934238955e-01 1.550355242206234163e-01 1.247198909954425929e-02 5.630828747294560621e-01 1.391362534484269720e+00
1.530000000000000000e+02 2.241745318288453082e-01 3.680906141750988070e-01 8.571281963414649485e-02 5.367448906364392647e-01 9.206883261944964758e-01
9.110000000000000000e+02 2.249942677866977880e-01 1.881742085857635860e-01 2.128567555706924880e-02 5.553139846721866224e-01 1.347800643199081660e+00
4.000000000000000000e+00 2.762928485507220588e-01 4.909636938468164846e-01 2.008546659132385004e-01 3.542724159170753673e-01 5.881395373457567466e-01
1.399000000000000000e+03 2.117409092189822817e-01 1.247456601205597648e-01 1.539859718687567117e-02 5.627566457418688994e-01 1.437276877238275130e+00
7.660000000000000000e+02 2.227670458723738367e-01 1.947036762704915658e-01 2.725199755802308957e-02 5.614095088001914702e-01 1.242439841079236995e+00
1.391000000000000000e+03 2.096607660219058089e-01 1.514453437393633306e-01 1.665818692257367561e-02 5.611656696310493020e-01 1.463051065544329843e+00
8.550000000000000000e+02 2.244084179146925984e-01 1.823431423307106947e-01 2.758844432792127016e-02 5.554487736557147670e-01 1.303087503387061030e+00
6.130000000000000000e+02 2.309836679234702761e-01 2.167607561108144676e-01 3.265905474793426994e-02 5.553438573221648467e-01 1.242181428009740962e+00
6.440000000000000000e+02 2.283496722170300086e-01 2.172629230820311563e-01 2.987381343938125960e-02 5.583031778812983514e-01 1.262788611099788794e+00
4.020000000000000000e+02 2.332497235212720454e-01 2.405265626744484131e-01 4.307454253434486735e-02 5.480285036041235847e-01 1.084181937992175992e+00
8.290000000000000000e+02 2.227923202707831341e-01 1.795140104481560694e-01 1.427197598553002836e-02 5.546876541847327591e-01 1.284270874315271094e+00
1.451000000000000000e+03 2.124044062480556216e-01 1.345660526747224361e-01 1.117933725857624822e-02 5.663301856447109373e-01 1.445561017620461186e+00
7.890000000000000000e+02 2.263591201376157214e-01 1.902315131317870167e-01 1.720637436380498958e-02 5.575206696102372739e-01 1.280041420521825568e+00
2.270000000000000000e+02 2.289884516091637012e-01 3.190922510124591382e-01 6.294241591491951671e-02 5.440872884030311107e-01 9.811603541101830972e-01
2.320000000000000000e+02 2.330896491709573692e-01 3.280778767624248360e-01 7.183816105640358773e-02 5.441285825971160506e-01 9.523888030301582708e-01
2.340000000000000000e+02 2.254840060633062082e-01 3.234140207730233363e-01 6.514776433984578730e-02 5.461208984146864731e-01 1.002614488222489664e+00
9.350000000000000000e+02 2.230685329167036157e-01 1.611121817316215066e-01 2.788919955633918646e-02 5.601715063629751912e-01 1.339496467567852012e+00
3.060000000000000000e+02 2.321574456668020481e-01 2.770942861346440411e-01 5.762722846996135712e-02 5.453149137539292646e-01 1.031322925679217795e+00
1.393000000000000000e+03 2.133802146955315893e-01 1.496600308760412668e-01 8.407389631761165438e-03 5.631512986355416972e-01 1.411514893717471741e+00
4.200000000000000000e+01 1.989832209435319910e-01 4.701620789902857256e-01 1.637229890905002316e-01 5.202280180096306994e-01 6.816006670418514046e-01
1.238000000000000000e+03 2.137468013018926916e-01 1.514450470144295124e-01 1.042983643388503863e-02 5.623639669191714541e-01 1.365620288589002307e+00
6.880000000000000000e+02 2.285088297571675753e-01 2.107863306174137252e-01 2.605653364572972294e-02 5.581840976410623600e-01 1.251148698394825454e+00
1.481000000000000000e+03 2.113712596596070137e-01 1.439831519743723642e-01 6.652359286079231535e-03 5.572723421094928353e-01 1.427444983721377181e+00
1.339000000000000000e+03 2.167396074031057718e-01 1.534001734316049470e-01 6.373993364499942055e-03 5.618245093016499547e-01 1.389102699608596003e+00
1.153000000000000000e+03 2.198913147895660836e-01 1.502431794608044269e-01 2.011974976635384077e-02 5.617669820837953853e-01 1.383912946263872179e+00
1.103000000000000000e+03 2.193495067646316909e-01 1.540944453666264202e-01 1.716160917501637767e-02 5.637742032835415529e-01 1.386327759595652243e+00
1.196000000000000000e+03 2.171570544542037740e-01 1.557004665598692994e-01 1.281279711770112739e-02 5.618366658956973625e-01 1.368146156426673032e+00
1.329000000000000000e+03 2.134110473466572788e-01 1.485529310126283697e-01 2.279217893749297189e-02 5.629452674030073211e-01 1.426034123766367179e+00
1.096000000000000000e+03 2.147837272068158221e-01 1.672914378074097930e-01 1.103142498341466021e-02 5.609104998285089350e-01 1.354607660234519173e+00
3.790000000000000000e+02 2.318972670001566427e-01 2.580065080905131203e-01 4.587018497131489791e-02 5.511963094399975338e-01 1.138642408614741086e+00
1.406000000000000000e+03 2.101925364613743685e-01 1.299094060091632585e-01 1.840015406015691260e-02 5.627069043180948915e-01 1.421206770261778551e+00
9.120000000000000000e+02 2.228494813232919647e-01 1.739877263064905644e-01 1.739784229848757163e-02 5.610256996573503852e-01 1.358637774347990490e+00
3.480000000000000000e+02 2.339593295131817685e-01 2.728985472098243159e-01 4.738565194240469680e-02 5.446433085538050500e-01 1.097728473740545940e+00
1.313000000000000000e+03 2.152404100683853738e-01 1.502584019424356432e-01 1.239900881082916205e-02 5.630282195779845456e-01 1.381198259291694042e+00
1.462000000000000000e+03 2.104500601350541567e-01 1.480001871022994797e-01 1.740910872739577508e-02 5.641319463413329016e-01 1.475663438527960558e+00
1.295000000000000000e+03 2.184363270432250481e-01 1.396017874117326252e-01 1.257843836142242579e-02 5.623717759215994816e-01 1.402910353626714235e+00
1.276000000000000000e+03 2.187034414504465951e-01 1.449953935763328705e-01 4.139293933433856737e-03 5.614376971007993822e-01 1.442902686774490073e+00
5.020000000000000000e+02 2.382802533838274117e-01 2.463855393979543507e-01 3.423358561517710064e-02 5.528715895494682453e-01 1.155935149638611881e+00
9.470000000000000000e+02 2.279438119910431049e-01 1.881857469523192938e-01 2.767264388111827234e-02 5.606928573076012112e-01 1.352931511548288279e+00
8.780000000000000000e+02 2.262163857061062211e-01 1.830461087335633064e-01 2.382574619513589884e-02 5.578007958257333865e-01 1.328941869174963930e+00
8.300000000000000000e+01 2.122614656415131584e-01 4.254552767581888384e-01 1.260864916083230813e-01 5.227288475642776211e-01 7.747024185914641592e-01
1.219000000000000000e+03 2.187547800078504523e-01 1.459274227951734559e-01 1.653737857044926263e-02 5.623559808220311984e-01 1.356587086570260725e+00
1.132000000000000000e+03 2.258940106086156641e-01 1.630746464314676014e-01 2.039427541843340935e-02 5.607303986632311554e-01 1.398554260296879015e+00
7.180000000000000000e+02 2.295148453719526305e-01 2.074472167174124526e-01 2.809829967577786788e-02 5.534477771361675513e-01 1.280796329451945548e+00
1.600000000000000000e+02 2.275856609071964243e-01 3.508274846411095771e-01 8.501380206435631137e-02 5.381068595882088079e-01 9.104843174997407917e-01
3.220000000000000000e+02 2.318356968684238406e-01 2.767366505022112455e-01 4.923799031943312116e-02 5.474602858053835286e-01 1.051252228646288422e+00
9.700000000000000000e+02 2.190789518588480145e-01 1.822966378450678049e-01 2.033587576204507960e-02 5.612256341368978552e-01 1.318896483902397332e+00
1.319000000000000000e+03 2.161095636368106920e-01 1.422699392733909052e-01 1.715894042839992417e-02 5.652889698434272470e-01 1.391189314701138269e+00
2.120000000000000000e+02 2.275366075172079172e-01 3.208576692839404387e-01 7.369260763257397262e-02 5.411825724110097546e-01 9.889753528911852110e-01
9.920000000000000000e+02 2.240908655827779095e-01 1.746158337989079934e-01 2.448475121894340065e-02 5.589928786731609422e-01 1.285787332789220194e+00
1.353000000000000000e+03 2.119135499641620901e-01 1.475171718353249228e-01 1.826779270012432801e-02 5.641030300137209741e-01 1.396241014632748190e+00
1.302000000000000000e+03 2.178269229950847430e-01 1.475149064415386679e-01 1.925515563405605715e-02 5.670827980871938623e-01 1.398479712440490186e+00
1.458000000000000000e+03 2.127298297561492357e-01 1.213412694943288989e-01 1.299481883702480883e-02 5.638479769726969515e-01 1.413447381003300363e+00
6.210000000000000000e+02 2.302065586297237787e-01 2.081285067911657349e-01 3.422218640436872766e-02 5.551536691540797097e-01 1.250639400352628439e+00
9.420000000000000000e+02 2.191252455010163080e-01 1.608064559386914727e-01 1.652217493584429847e-02 5.598317188735629779e-01 1.320806469091709179e+00
1.100000000000000000e+02 2.172095997632755016e-01 4.013546969814650867e-01 1.097214275685320234e-01 5.307580661992226112e-01 8.050825479293898246e-01
6.770000000000000000e+02 2.264978711779582210e-01 2.139673593167435994e-01 3.683545215099959247e-02 5.578010697162552045e-01 1.253634447989475431e+00
7.580000000000000000e+02 2.296570540282884543e-01 1.886349771941436548e-01 1.813255791742922687e-02 5.593302720018961116e-01 1.238571235731188214e+00
8.480000000000000000e+02 2.248579254223605217e-01 1.786413207089954658e-01 1.888711312951682486e-02 5.581844002621608736e-01 1.286484062747637491e+00
9.200000000000000000e+01 2.140371741709389541e-01 4.061783350095712897e-01 1.199555595723305196e-01 5.299675060586327424e-01 8.039643718799465155e-01
9.380000000000000000e+02 2.218688168455010545e-01 1.779438472532940685e-01 2.104357987630393542e-02 5.584303525890701447e-01 1.303843559529146878e+00
1.149000000000000000e+03 2.183473842761859407e-01 1.604874994377635811e-01 2.206438553407711126e-02 5.632333183181686964e-01 1.408225028981638260e+00
5.480000000000000000e+02 2.288940423396855772e-01 2.321466810829164173e-01 3.431550801389369326e-02 5.510148730376154269e-01 1.175936345856362086e+00
3.020000000000000000e+02 2.329031094969605253e-01 2.911609270740067590e-01 5.629008393160452733e-02 5.477561922289732044e-01 1.047908501812435889e+00
5.090000000000000000e+02 2.305634332937959996e-01 2.452883572292046954e-01 3.649890627651320579e-02 5.529350821560059526e-01 1.140535594209432180e+00
7.720000000000000000e+02 2.322386749908957326e-01 1.971217594547557683e-01 2.551588205451267577e-02 5.551768456574789345e-01 1.238393825197157128e+00
1.337000000000000000e+03 2.142445276644164565e-01 1.416210377101986551e-01 1.946064726559603233e-02 5.633432543689592675e-01 1.434578046366402182e+00
5.890000000000000000e+02 2.260231857635508490e-01 2.229143325920753260e-01 3.894552099399656298e-02 5.575836092369685915e-01 1.234827705479629723e+00
6.630000000000000000e+02 2.281528955626518640e-01 2.031098800683458494e-01 2.756273007650197199e-02 5.530129107497153695e-01 1.211884837513529156e+00
1.134000000000000000e+03 2.196221027546403359e-01 1.565104707064565448e-01 2.091624813638778141e-02 5.617044711819015879e-01 1.364504728546540147e+00
1.500000000000000000e+02 2.309286662015827551e-01 3.692638963517878570e-01 9.172998318082935254e-02 5.354929706415202384e-01 8.774123816826147060e-01
2.020000000000000000e+02 2.293037800416038996e-01 3.347125045738822968e-01 7.697171123879847920e-02 5.356217642320951766e-01 9.501441960077742221e-01
3.920000000000000000e+02 2.343474256996574689e-01 2.726641959017741534e-01 3.952680713624981412e-02 5.553135595462451723e-01 1.124854521140564056e+00
2.360000000000000000e+02 2.294981764217042530e-01 2.995920992116962722e-01 7.132687415537056208e-02 5.410291770445254667e-01 9.492697570151145126e-01
2.830000000000000000e+02 2.275004457974149075e-01 3.054630177337963604e-01 5.787808127712321116e-02 5.456482843388149595e-01 1.064558016949082253e+00
2.220000000000000000e+02 2.323090700593883895e-01 3.244157082209337961e-01 7.165952776482448217e-02 5.383382563823098099e-01 9.804539280035899917e-01
1.950000000000000000e+02 2.248018038596014956e-01 3.490606304552520411e-01 7.690890994016037763e-02 5.389487569287920721e-01 9.253095214489871490e-01
2.210000000000000000e+02 2.290233862713786372e-01 3.421229601538599563e-01 7.260669990090339032e-02 5.452914063770828434e-01 9.470675688931211589e-01
1.068000000000000000e+03 2.220683310949989886e-01 1.639796952854744028e-01 1.791072387193652984e-02 5.658004241680820723e-01 1.375942987789189331e+00
8.100000000000000000e+02 2.240407781696720779e-01 1.790594184899585439e-01 2.350159923615868091e-02 5.641189601740524973e-01 1.340694491751555306e+00
7.680000000000000000e+02 2.308590027235045972e-01 2.010496365289834719e-01 3.655967390378735832e-02 5.625626031905992530e-01 1.300487150492614763e+00
4.660000000000000000e+02 2.334559515814547959e-01 2.476281203519603291e-01 4.151177424892882328e-02 5.611518495778303750e-01 1.158549072618189735e+00
3.160000000000000000e+02 2.296193064500545444e-01 2.967260541646233873e-01 4.459746806083668413e-02 5.524201834808867284e-01 1.044165847213115228e+00
6.900000000000000000e+01 2.078356112784059129e-01 4.395397845558680627e-01 1.404408327499259701e-01 5.245234672491528860e-01 7.516154897600630935e-01
9.540000000000000000e+02 2.180779280687817345e-01 1.703787128572431808e-01 1.942342231209971681e-02 5.586335865180679372e-01 1.384917892015490315e+00
5.610000000000000000e+02 2.296341009020939905e-01 2.324227903846568521e-01 3.182726581851473557e-02 5.561527204304611560e-01 1.172215214229952451e+00
4.240000000000000000e+02 2.294993363676923748e-01 2.538696190045179324e-01 4.205155856085023708e-02 5.504250664135444948e-01 1.094699238087567972e+00
4.280000000000000000e+02 2.332770269306785049e-01 2.586239132185911282e-01 4.280830093923750079e-02 5.485817977552100988e-01 1.124093286721917995e+00
6.870000000000000000e+02 2.279957393301219326e-01 2.273381557730711211e-01 2.352339756544112592e-02 5.559763295380474313e-01 1.243940396719104724e+00
9.220000000000000000e+02 2.214277716087325876e-01 1.834994955971218922e-01 2.548851410794404984e-02 5.580144057286333670e-01 1.298245611811654765e+00
9.910000000000000000e+02 2.191656228661748584e-01 1.886517889435438411e-01 1.342972491728218476e-02 5.613670700140781511e-01 1.314917489984732013e+00
1.480000000000000000e+02 2.230249741387323181e-01 3.605670249131192051e-01 9.539584297219587394e-02 5.330468747608263502e-01 8.856760762993868275e-01
7.340000000000000000e+02 2.257668489190242100e-01 2.216903670142116867e-01 2.712393612083897204e-02 5.532215813980735364e-01 1.271606665695761640e+00
1.389000000000000000e+03 2.142137965943479161e-01 1.538075685890294142e-01 1.980755589940294201e-02 5.640588708312550548e-01 1.435462156885556118e+00
1.139000000000000000e+03 2.181382261786674326e-01 1.550038650523150874e-01 2.569530800368119081e-02 5.634483277724803285e-01 1.386082216135377188e+00
1.200000000000000000e+02 2.207431151075394116e-01 3.800001403574063130e-01 1.053663015179552576e-01 5.278269607573687905e-01 8.496106460728813925e-01
2.960000000000000000e+02 2.347015759871665386e-01 2.906402416460630578e-01 5.706881996185400596e-02 5.434692884937959434e-01 1.006042907669284059e+00
1.341000000000000000e+03 2.132067989167210909e-01 1.406585934525136639e-01 9.513764513691923275e-03 5.610016110980518000e-01 1.395565908330125726e+00
5.060000000000000000e+02 2.321378804316051869e-01 2.307585642554950411e-01 4.446132181166667641e-02 5.583734139339802116e-01 1.161070449692932716e+00
1.287000000000000000e+03 2.159168323574837123e-01 1.462231725101728330e-01 1.662373871186861515e-02 5.628738115905127515e-01 1.400962836842128301e+00
4.970000000000000000e+02 2.277477599017982135e-01 2.221835671954102975e-01 3.882983823703663184e-02 5.516380709335804156e-01 1.167845441518770011e+00
1.206000000000000000e+03 2.170491255943093334e-01 1.447764192949887452e-01 1.564750809513914057e-02 5.629930920080042922e-01 1.411447202048289107e+00
1.247000000000000000e+03 2.168914066277415620e-01 1.298300323631533804e-01 1.579745041004789949e-02 5.668192188192829883e-01 1.424006210822824858e+00
9.650000000000000000e+02 2.211596568688260489e-01 1.659395804120545048e-01 2.203316793903513024e-02 5.622530396610054826e-01 1.352169423753219579e+00
1.355000000000000000e+03 2.145203896367773866e-01 1.353710042695266680e-01 1.484095742964496034e-02 5.634503966580667322e-01 1.432190651833026074e+00
1.570000000000000000e+02 2.263687558454852977e-01 3.463426347060565291e-01 8.623422880104682220e-02 5.346517443833677108e-01 9.060340105013370282e-01
7.280000000000000000e+02 2.299761732555233307e-01 1.923699547888561567e-01 3.214350136703417182e-02 5.575867998729795438e-01 1.241943172981845533e+00
1.000000000000000000e+02 2.155475377817889782e-01 3.903485498664401310e-01 1.211950613688477785e-01 5.302700551370058690e-01 8.461721686987430102e-01
9.900000000000000000e+01 2.156477344547327035e-01 4.052674531667677105e-01 1.146461854204949143e-01 5.314055247200750731e-01 8.109145698974693506e-01
9.170000000000000000e+02 2.256069575238660030e-01 1.730258760885846625e-01 2.303077289581709902e-02 5.641758753003422999e-01 1.311891338401632190e+00
1.630000000000000000e+02 2.212829929260689554e-01 3.560991192940020644e-01 8.093856112979896933e-02 5.382979216986365500e-01 9.252331630427684805e-01
1.500000000000000000e+01 1.832904182581478747e-01 5.156757303744908816e-01 2.290662365232360442e-01 4.989510408062010072e-01 5.951984194905683978e-01
1.427000000000000000e+03 2.110254687210477154e-01 1.405984919516871656e-01 1.777504517158211977e-02 5.629127108511218225e-01 1.408912577685698331e+00
3.300000000000000000e+02 2.337166818822869196e-01 2.727675942756526695e-01 5.440963912815735548e-02 5.482374954883401097e-01 1.067489713448959820e+00
9.570000000000000000e+02 2.243176031138674476e-01 1.716626946240089324e-01 2.269304387439660328e-02 5.582424307690520004e-01 1.319903960560617096e+00
1.360000000000000000e+03 2.124533064028221729e-01 1.368645799100352278e-01 1.311813804126913015e-02 5.571943200634020821e-01 1.405880379622465925e+00
4.990000000000000000e+02 2.313626785271552799e-01 2.252112258000181777e-01 3.615497226627818056e-02 5.485997623165934645e-01 1.193395883286427539e+00
8.400000000000000000e+01 2.113808818642827214e-01 4.237879161021612107e-01 1.316766392851715373e-01 5.229246407751100278e-01 7.991728813004805865e-01
9.850000000000000000e+02 2.187258040251773561e-01 1.683961918591446727e-01 1.555842732484045976e-02 5.586271668879096985e-01 1.336868608284413451e+00
1.494000000000000000e+03 2.129141923509850765e-01 1.312885318091120412e-01 1.577471750903530409e-02 5.636680776494450429e-01 1.419290001024283931e+00
4.380000000000000000e+02 2.287811950655040671e-01 2.562318651280258708e-01 4.661403737973100758e-02 5.512511836236987373e-01 1.124730491858143999e+00
1.340000000000000000e+03 2.154927157746325539e-01 1.453583458974601617e-01 1.672369246013129598e-02 5.633238883454630974e-01 1.398859801267706926e+00
6.650000000000000000e+02 2.285524885220957259e-01 2.053157518848684193e-01 2.924666385407456715e-02 5.578802867906809126e-01 1.228120238893693372e+00
1.208000000000000000e+03 2.185531455756121455e-01 1.555522601529404081e-01 1.802499297264153685e-02 5.621659831317781242e-01 1.392131599713225754e+00
1.830000000000000000e+02 2.237398889114908529e-01 3.466009409742523140e-01 7.693947634159511995e-02 5.348123270451813349e-01 9.547652007959315235e-01
1.074000000000000000e+03 2.154344784355228526e-01 1.701190386378101937e-01 2.130608328762716511e-02 5.578459780319260375e-01 1.354950701514778144e+00
3.350000000000000000e+02 2.340926820557899246e-01 2.725663157528160352e-01 5.076107139232804294e-02 5.424659335039793140e-01 1.055087737189680297e+00
4.720000000000000000e+02 2.334842285914213167e-01 2.547821594949424284e-01 3.831147186688092787e-02 5.494446208190318925e-01 1.100109635905131888e+00
2.670000000000000000e+02 2.315428762189876144e-01 3.133458465888409594e-01 5.564792929246996367e-02 5.473845967444745941e-01 1.038059155886245088e+00
1.069000000000000000e+03 2.182233719278231232e-01 1.752914523568799010e-01 1.944630781727213140e-02 5.642619635588472793e-01 1.339763387830282371e+00
4.710000000000000000e+02 2.337009170494266652e-01 2.383669613134855869e-01 4.340938222907399224e-02 5.545837906351985813e-01 1.156264241910638146e+00
1.048000000000000000e+03 2.172499909461896306e-01 1.627575698812268878e-01 2.570961618031825796e-02 5.632267629262780462e-01 1.319097186720331161e+00
7.140000000000000000e+02 2.304153314691401444e-01 2.075634484195732765e-01 2.239943142853308145e-02 5.572289919512309897e-01 1.255995560530317245e+00
2.800000000000000000e+02 2.277831717112551724e-01 3.037509312899759895e-01 6.036374873539075703e-02 5.417761308277566634e-01 1.052099250580721401e+00
3.100000000000000000e+02 2.345123766139728116e-01 2.848638611400304277e-01 5.562043632109460456e-02 5.494977453098423004e-01 1.037069975683422074e+00
7.070000000000000000e+02 2.263805668457224141e-01 1.892594151123046797e-01 2.384508685801730796e-02 5.603070793067470579e-01 1.239749531608449695e+00
1.960000000000000000e+02 2.299318278508037383e-01 3.195368289467215850e-01 6.976328570277742780e-02 5.372834250715047277e-01 9.409810819594037756e-01
2.480000000000000000e+02 2.262840006893341582e-01 2.961081348949536896e-01 6.328814359108683729e-02 5.439341164435251841e-01 9.810084293487366658e-01
4.500000000000000000e+01 2.025679731878912981e-01 4.621813953247883577e-01 1.683862279367335790e-01 5.161703235620643815e-01 7.005132349618888865e-01
1.354000000000000000e+03 2.099915088307638400e-01 1.405140877142703471e-01 1.230364763496893596e-02 5.617886911637275382e-01 1.423712421670720651e+00
2.620000000000000000e+02 2.322237895516849893e-01 2.996825318218882539e-01 6.229357098280343535e-02 5.425023587657095137e-01 1.041092541016773287e+00
1.133000000000000000e+03 2.215062116168586004e-01 1.585779831011187857e-01 1.786695024690937786e-02 5.648297303376941247e-01 1.354708477688121082e+00
1.092000000000000000e+03 2.212460463843785585e-01 1.600239602756662882e-01 7.177783054144203090e-03 5.588689390475619634e-01 1.356771877878725663e+00
1.371000000000000000e+03 2.139898961470444450e-01 1.511563879384059672e-01 1.576602814706251285e-02 5.635297760970269243e-01 1.397658277941344007e+00
1.195000000000000000e+03 2.146033474441091382e-01 1.593703092177083391e-01 1.695751877947845876e-02 5.652473824254174994e-01 1.404011832248026614e+00
7.970000000000000000e+02 2.245094591676981277e-01 1.884675244389600879e-01 1.813069468694135378e-02 5.595746068111947524e-01 1.288881609532890549e+00
1.200000000000000000e+01 1.857147067998463630e-01 5.138830001449373741e-01 2.261028372466026004e-01 4.819035909516266036e-01 6.280186431467257302e-01
0.000000000000000000e+00 9.535507457783110041e-01 1.947014779150711000e-02 1.422030951879740520e-03 1.000000000000000048e-04 2.241950037206097771e-02
1.499000000000000000e+03 2.113952568654818287e-01 1.376042098673009029e-01 1.368480416001260393e-02 5.643570530671409013e-01 1.436085973935275817e+00
